3.2.2.2.基于RFM模型的客户终身价值计算
采用模型进行传统客户终身价值计算的方法仅仅考虑用户的购买行为。 因此，本文首先不考虑用户的评论行为，仅以用户的购买行为来计算客户终身价 值，部分数据结果如表3-11所示，其中客户价值1代表未对“、尸和〃’进行标 准化处理得到的客户终身价值，客户价值2表示利用公式3-4和3-5进行Max-Min 指标标准化处理后得到的客户终身价值。
20
表3-11仅考虑购买行为的客户终身价值
编号	购买R	购买厂	购买力	客户价值1	标准化后的客 户价值2
1	25	6	1095.9	550.17	0.024
2	29	18	8666	4333.53	0.064
3	76	25	5019.4	2518.02	0.052
4	17	2	293	147.44	0.018
5	90	3	601	302.79	0.019
6	58	10	1441.9	725.28	0.027
7	172	5	444.1	226.78	0.018
8	132	3	265	135.81	0.016
9	225	8	1443	727.54	0.023
10	4	17	1302.1	658.05	0.032
11	155	11	706.9	360.56	0.023
12	306	4	124.6	69.00	0.014
13	0	81	8250.71	4156.39	0.104
14	485	3	367	192.34	0.012
15	72	3	326	165.28	0.018
16	3	10	1149.8	578.65	0.027
17	6	7	896.2	450.70	0.024
综合考虑用户的购买行为和评论行为得到的基于用户在线评论行为的客户 终身价值如表3-12所示，其中客户价值3代表未对R、F、也和「进行标准化 处理得到的客户终身价值，客户价值4表示利用公式3-4和公式3-5进行Max-Min 指标标准化处理后得到的客户终身价值。
表3-12基于用户在线评论行为的客户终身价值
编	购买 R	购买 F	购买例	评论 R	评论 F	评论 M	评论 P	客户价值 3	标准化后的客户 价值4
1	25	6	1095.9	243	1	2	1	293.06	0.077
2	29	18	8666	1066	0	0	0	2281.07	0.033
3	76	25	5019.4	57	8	19	0.6	1316.45	0.083
4	17	2	293	1066	0	0	0	104.30	0.009
5	90	3	601	21	34	82 .	0.8	182.02	0.088
6	58	10	1441.9	215	1	2	1	383.39	0.080
7	172	5	444.1	15	2	4	1	119.60	0.080
8	132	3	265	1066	0	0	0	98.25	0.009
9	225	8	1443	1066	0	0	0	405.95	0.012
10	4	17	1302.1	75	1	2	1	344.79	0.085
11	155	11	706.9	18	75	160	0.8	236.53	0.108
12	306	4	124.6	873	1	2	1	59.16	0.057
13	0	81	8250.71	5	13	27	1	2169.77	0.131
21
14	485	3	367	871	1	2	0	123.22	0.011
15	72	3	326	264	7	16	0.7	97.58	0.064
16	3	10	1149.8	3	5	13	0.8	304.75	0.078
17	6	7	896.2	35	3	6	0.7	237.15	0.068
最后，将不考虑评论行为得到的客户终身价值与综合考虑用户的购买行为和 评论行为的客户终身价值进行对比，结果如表3-12所示。其中，Hankl表示客户 价值2对应的排名，心麟2表示客户价值4对应的排名。
最终通过两个客户终身价值的对比可以发现当考虑用户的评论行为后，用户 的客户终身价值出现了变化，其中判断用户为高价值用户的标准为用户排名在前 1000名，中价值用户的标准为用户排名在前2000,低价值用户的标准为用户排 名在前3000,具体如表3-13所示：
表3-13客户终身价值对比
购买行为	高	中	低
评论行为+购买行为
高	663	304	33
中	260	456	284
低	77	240	169
通过表3-13可以看出：有663名在仅考虑购买行为时为高价值用户，而在 综合考虑评论行为和购买行为之后仍然为高价值用户；有260名在仅考虑购买行 为时为高价值用户，而在综合考虑评论行为和购买行为之后为中价值用户；有 77名在仅考虑购买行为时为高价值用户，而在综合考虑评论行为和购买行为之 后为低价值用户。这其中两次判断出现差异的用户人数为337人，由此对其采取 的用户策略也会相应产生变化。
而对于仅考虑购买行为判断为中价值的用户中，有304名用户在综合考虑其 行为后价值未发生变化，有456名用户变化为中价值用户，有240名用户变化为 低价值用户。这其中两次判断出现差异的用户人数为544人。
最后，对于仅考虑购买行为判断为低价值的用户中，有169名用户在综合考 虑其行为后价值未发生变化，有33名低价值用户转化为高价值用户，有284名 用户变化为中价值用户。这其中两次判断出现差异的用户人数为317人。
综上所述，在分析了仅考虑购买行为计算的客户终身价值与综合考虑用户购 买行为和评论行为计算的客户终身价值后发现，有1198人的价值判断出现了差 异0这说明大众点评网已经不能仅仅依靠用户的购买行为来衡量客户的终身价值, 而应该综合考虑用户的评论行为和购买行为，使其更加合理的对用户行为进行判 断。
同时，为了更进一步的说明考虑评论行为后的客户情况以及相关管理建议， 本文接下来采取K-Means聚类分析法进行客户细分。
22
