5.3定位算法性能对比
测试方案采用本文设计的定位方法和传统的三边法、位置指纹定位法进行性 能对比。根据10个同样的数据源分别计算待测点的坐标，它们的定位结果如表
45
5~3 所 /j< o
表5-3定位精度的测试结果
序号	实际坐标	改进的三边定位算法	三边定位算法	位置指纹匹配算法
1	(4,3)	(3, 10)	(2, 5)	(4, 7)
2	(4, 11)	(2, 13)	(1, 17)	(4, 15)
3	(4, 29)	⑸27)	(6, 20)	(5, 24)
4	(11,29)	(9, 30)	(8, 20)	(10, 16)
5	(14, 33)	(15, 34)	(12,27)	(13,30)
6	(20, 34)	(20, 32)	(18, 30)	(19,31)
7	(31,34)	(32, 36)	(34, 35)	(31,30)
8	(31,24)	(29, 24)	(35, 18)	(27, 17)
9	(29, 20)	(29, 17)	(30, 21)	(24, 15)
10	(34, 19)	(30, 16)	(25, 15)	(30, 14)
MSE	\	3. 4205	6. 7007	6. 4807
通过对比表5-3中三种方法的结果可以看出，本文设计的基于局部线性回归 和位置加权的准确性明显好于其他两种。相比于传统的三边测量法和位置指纹匹 配算法而言，该算法还有很高的可拓展性，可以在数据量较大的时候仍然保持流 畅的运行。
正如第三章所述，传统的位置指纹匹配法必须事先获取每一个区域中每一个 AP对应的RSSI值，而且需要将这些“坐标”存储到数据库中，一旦更新一个 AP点的数据，整个数据库都需要进行更新，维护难度极大PR。而本文设计的定 位算法利用机器学习的思想始终处于训练和学习的状态，即便环境发生改变，系 统也会随环境的改变主动“学习”得到最优解，适应能力极强。
