4.2.3试验结果及分析
一个好的算法，应该具有较高的PLCC值，SROCC值，KROCC值和较小的RMSE值。 SSIM [9]> MS-SSIM [24\ VIF [22\ VSNRp3\ MAD 网、GSM [28]> IW-SSIM [44]和FSIMc㈣ 全参考图像质量评价领域的8大算法以及我们的算法进行了比较，结果见如下表格：
表4-3九种算法在tid2013上面的结果
Model	SROCC	PLCC	KROCC	　　　RMSE
ssim[9]	0.7417	0.7895	0.5588	0.7608
ms-ssim[24]	0.7859	0.8329	0.6047	　　　0.6861
VIF四	0.6769	0.7720	0.5147	　　　0.7880
VSNR〔23]	0.6812	0.7402	0.5084	　　　0.8392
mad[26]	0.7807	0.8267	0.6035	　　　0.6975
gsm[28]	0.7946	0.8464	0.6255	　　　0.6603
iw-ssim[44]	0.7779	0.8319	0.5977	　　　0.6880
FSIMc[27]	0.8510	0.8769	0.6665	　　　0.5959
Our ICSIM	0.8710	0.8902	0.6899	　　　0.5647
表4.4九种算法在tid2008上面的结果
Model	SROCC	PLCC	KROCC	　　　RMSE
ssim[9]	0.7749	0.7732	　　　0.5768	　　　0.8511
ms-ssim[24]	0.8542	0.8451	0.6568	　　　0.7173
ViF〔22】	0.7491	0.8084	0.5860	　　　0.7899
vsnr[23]	0.8340	0.6820	0.5340	　　　0.9815
mad[26]	0.7807	0.8308	　　　0.6445	　　　0.7468
gsm[28]	0.8504	0.8422	0.6596	　　　0.7235
iw-ssim[44]	0.8559	0.8579	0.6636	　　　0.6895
FSIMc[27]	0.8840	0.8762	　　　0.6991	　　　0.6468
Our ICSIM	0.8949	0.8832	0.7125	　　　0.6294
表4.5九种算法在CSIQ上面的结果
Model	SROCC	PLCC	KROCC	　　　RMSE
SSIM 図	0.8756	0.8613	0.6907	　　　0.1334
ms-ssim[24]	0.9133	0.8991	0.7393	　　　0.1149
vif[22]	0.9195	0.9277	0.7537	　　　0.0980
vsnr[23]	0.8106	0.8002	0.6247	　　　0.1575
mad[26]	0.9466	0.9502	0.7970	　　　0.0818
GSM㈣	0.9108	0.8964	0.7374	　　　0.1164
1W-SSIM[441	0.9213	0.9144	0.7529	　　　0.1063
FSIMc[27]	0.9310	0.9192	0.7690	　　　0.1034
Our ICSIM	0.9415	0,9297	0.7898	　　　0.0960
表4-6九种算法在LIVE上面的结果
Model	SROCC	PLCC	KROCC	　　　RMSE
ssim[9]	0.9479	0.9449	0.7963	　　　8.9455
ms-ssim[24]	0.9513	0.9489	0.8045	　　　8.6188
VIF〔22]	0.9636	0.9604	0.8282	　　　7.6137
vsnr[23]	0.9274	0.923 1	0.7616	　　　10.506
MAD㈣	0.9669	0.9675	0.8421	　　　6.9073
gsm[28]	0.9561	0.9512	0.8150	　　　8.4327
iw-ssim[44]	0.9567	0.9522	0.8175	　　　8.3473
FSIMc[27]	0.9645	0.9613	0.8363	　　　7.5296
Our ICSIM	0.9652	0.9615	0.8357	　　　7.5052
表4-3、表4-4,表4-5、表4-6给出了九种图像质量评价算法的KROCC, SROCC, PLCC和RMSE的分别在TID2013数据库、TID2008数据库、CSIQ数据库、LIVE数据库 上面的结果。从结果可以看出我们的ICSIM方法在这四个图像质量评价库上都表现出了较 好的性能。具体的说，在TID2013和TID2008上面，我们的算法无论在KROCC, SROCC, PLCC和RMSE评价指标下，在所比较的九种算法中都是最好的。在CSIQ数据库和LIVE 数据库上面，虽然ICSIM在KROCC, SROCC, PLCC和RMSE指标上面结果不是最好的 但结果距离最好的方法MAD的差距也是非常小的。另外，虽然MAD算法在LIVE和CSIQ 上效果较好，但是在TID2008和TID2013上的表现却性能较差。而且MAD方法的计算复 杂度很高，在实际中几乎很难去应用。还有利用图像内容信息和信息论方法的VIF和 IW-SSIM方法不论在TID2013数据库、TID2008数据库还是CSIQ数据库、LIVE数据库 也不管是KROCC, SROCC, PLCC和RMSE指标上面均没有本章提出的算法ICSIM的性 能好。更要强调的是虽然GSM方法也采用梯度算子，但是我们的以内容信息结合梯度特 征的方法，效果更好。
表 4-7 还给出了 ICSIM 和 SSIM, MS-SSIM, VIF, VSNR, MAD, GSM, IW-SSIM 和 FSIMc在TID2013数据库、TID2008数据库、CSIQ数据库、LIVE数据库各个失真类型上 的性能情况，不难看出我们的方法在许多失真类型上也取得了较好的效果。
由以上的分析充分说本章提出的基于内容信息的ICSIM图像质量评价方法在评价图 像质量方面的有效性和优越性。
表4-7各个失真类型上九种算法的结果
Distion
type	SSIM	MS-SS
IM	VIF	VSNR	MAD	GSM	IW-SSI
M	FSIMc	ICSIM
T
1
D
2
0
1
3	AGN	0.8671	0.8646	0.8994	0.8271	0.8843	0.9064	0.8438	0.9101	0.9294
ANC	0.7726	0.7730	0.8299	0.7305	0.8019	0.8175	0.7515	0.8537	0.8642
SCN	0.8515	0.8544	0.8835	0.8013	0.8911	0.9185	0.8167	0.8900	0.9280
MN	0.7767	0.8073	0.8450	0.7072	0.7380	0.7293	0.8020	0.8094	0.8052
HFN	0.8634	0.8604	0.8972	0.8876	0.8869	0.8553	0.9040	0.9130	0.9200
IN	0.7503	0.7629	0.8537	0.7363	0.2769	0.7965	0.7281	0.8251	0.8657
QN	0.8675	0.8706	0.7854	0.8357	0.8514	0.8841	0.8468	0.8807	0.8730
GB	0.9668	0.9673	0.9650	0.9470	0.9319	0.9689	0.9701	0.9551	0.9638
DEN	0.9254	0.9268	0.8911	0.9081	0.9252	0.9432	0.9152	0.9330	0.9457
JPEG	0.9200	0.9265	0.9192	0.9008	0.9217	0.9284	0.9187	0.9339	0.9505
JP2K	0.9468	0.9504	0.9516	0.9273	0.9511	0.9602	0.9506	0.9589	0.9711
JGTE	0.8493	0.8475	0.8409	0.7908	0.8283	0.8512	0.8388	0.8610	0,9051
J2TE	0.8828	0.8889	0.8761	0.8407	0.8788	0.9182	0.8656	0.8919	0.9140
NEPN	0.7821	0.7968	0.7720	0.6653	0.8315	0.8130	0.8011	0.7937	0.8203
Block	0.5720	0.4801	0.5306	0.1771	0.2812	0.6418	0.3717	0.5532	0.5514
MS	0.7752	0.7906	0.6276	0.7736	0.7487	0.7833	0.7875	0.6450	0.4871
CTC	0.3775	0.4634	0.8386	0.3320	0.1972	0.4857	0.4593	0.4679	0.4770
CCS	0.4141	0.4099	0.3099	0.3677	0.0575	0.3578	0.4196	0.8359	0.8042
MGN	0.7803	0.7786	0.8468	0.7644	0.8409	0.8348	0.7728	0.8569	0.8941
CN	0.8566	0.8528	0.8946	0.8683	0.9046	0.9124	0.8762	0.9135	0.9270
LCNI	0.9057	0.9086	0.9204	0.8821	0.9443	0.9563	0.9037	0.9485	0.9611
ICQD	0.8542	0.8555	0.8414	0.8667	0.8745	0.8973	0.8401	0.8815	0.8840
CHA	0.8775	0.8784	0.8848	0.8645	0.8310	0.8823	0.8682	0.8925	0.8767
SSR	0.9353	0.9461	0.9483	0.9339	0.9567	0.9668	0.9474	0.9576	0.9654
T
1
D
2
0
0
8	ANC	0.8029	0.8054	0.8757	0.7793	0.8255	0.8091	0.7920	0.8931	0.9115
SCN	0.8144	0.8209	0.8698	0.7665	0.8678	0.8941	0.7714	0.8711	0.9248
MN	0.7795	0.8107	0.8683	0.7295	0.7336	0.7452	0.8087	0.8264	0.8148
HFN	0.8729	0.8694	0.9075	0.8811	0.8864	0.8945	0.8662	0.9156	0.9146
QN	0.851	0.8589	0.7970	0.8270	0.8160	0.8800	0.8177	0.8726	0.8624
IN	0.6732	0.6907	0.8327	0.6471	0.0650	0.7235	0.6465	0.7719	0.8302
GB	0.9544	0.9563	0.9540	0.9330	0.9196	0.9600	0.9636	0.9472	0.9504
44
（续上表）
Distion
type	SSIM	MS-SS
IM	VIF	VSNR	MAD	GSM	IW-SSI
M	FSIMc	ICSIM
T	DEN	0.9530	0.9582	0.9161	0.9286	0.9433	0.9725	0.9473	0.9618	0.9690
I	JPEG	0.9252	0.9322	0.9168	0.9174	0.9275	0.9393	0.9184	0.9294	0.9498
D	JP2K	0.9625	0.9700	0.9709	0.9515	0.9707	0.9758	0.9738	0.9780	0.9829
2	JGTE	0.8678	0.8681	0.8585	0.8055	0.8661	0.8790	0.8588	0.8756	0.9061
0	J2TE	0.8577	0.8606	0.8501	0.7909	0.8394	0.8936	0.8203	0.8555	0.8850
0	NEPN	0.7107	0.7377	0.7619	0.5716	0.8287	0.7386	0.7724	0.7514	0.8005
8	Block	0.8462	0.7546	0.8324	0.1926	0.7970	0.8862	0.7623	0.8464	0.8346
MS	0.7231	0.7336	0.5096	0.3715	0.5163	0.7190	0.7067	0.6554	0.6885
CTC	0.5246	0.6381	0.8188	0.4239	0.2723	0.6691	0.6301	0.6510	0.6469
L	JP2K	0.9614	0.9627	0.9696	0.9551	0.9676	0.9700	0.9649	0.9724	0.9718
I	JPEG	0.9764	0.9815	0.9846	0.9657	0.9764	0.9778	0.9808	0.9840	0.9841
V	AWGN	0.9694	0.9733	0.9858	0.9785	0.9844	0.9774	0.9667	0.9716	0.9716
E	GB	0.9517	0.9542	0.9728	0.9413	0.9465	0.9518	0.9720	0.9708	0.9653
FF	0.9556	0.9471	0.9650	0.9027	0.9569	0.9402	0.9442	0.9519	0.9503
表4-8每种算法每张图片的平均时间
Model	SSIM	MS-SSIM	VIF	VSNR	MAD	GSM	IW-SS1M	FSIMc	ICSIM
时间（毫
秒）	28.0	110.6	880.3	37.4	1186.4	28.8	421.6	210.9	50.8
实际上，我们的算法不仅性能上是非常好的，算法所消耗的时间也是比较小的。表3-6 给出了 ICSIM和其他8种算法对每张图片进行评价所消耗的平均时间。我们采用的计算机 平台是四核，8G内存，3.30GHz CPUo
从表4-8可以直观的看出我们的算法ICSIM （50.8）所消耗的时间仅为SSIM（28.0
）的不到两倍的时间，而像同样利用信息论知识的VIF的时间性能上为880.3毫秒，在 LIVE和TID2008数据集上的MAD的性能很好，但是时间效率上却是1186.4毫秒，大约是 ICSIM的43倍之多。同样用到图像梯度信息的GSM,虽然时间上（28.8）毫秒比ICSIM 快一点，但是在四个数据库上的性能却都不如ICSIMo下面给出在TID2008 ±面这九种算 法利用logistics函数的得到的拟合曲线图。
图4-3 8种算法在TID2008上的拟合曲线图
图 4-3 给出了 ICSIM 和 SS1M【9I、MS-SSIM 网、VIF [22\ VSNR [23]> MAD [26\ GSM ㈣、IW-SSIM〔44]和FSIMc[27]在TID2008数据库上的散点以及拟合曲线图。从图4-3可 以看出可以看出我们的算法ICSIM的离散点更加的集中，VSNR最为吱散。说明ICSIM在 TID2008与人的主观评分更为接近。
