3.3IMT系统干扰北斗终端确定性分析结果
由2.2节可知，北斗卫星导航系统终端的解调门限为:C/N； =45.6 dB・Hz, 容许的最大干扰功率谱密度厶w = M' -M（W/Hz）。根据3.2节中给出的空对地传
26
播模型，对于静止轨道卫星到达地面端所经历的路径损耗为L=191.56dB,即地 面接收到的北斗信号C=48dBw-L=-143.56dBw。容许的最大干扰功率谱密度 妇= —159.30 dBm/Hz，进而在有效带宽8.16MHz下的最大容许干扰为-90.19dBm, 如表3-11«需要注意的是，因为北斗卫星导航系统终端实际解调Eh/Na比解调所 需Eb/N0存在余量，所以得到的允许干扰功率大于热噪声功率。
表3-11北斗终端接收机允许最大干扰功率限值
北斗的
EIRP(dBW)	最小隔 离距离
(km)	所提供 最小损 耗(dB)	接收信 号功率 (dBW)	等效干扰 功率谱密
度N；
(dBm/Hz)	容许的最大 干扰最大干 扰功率谱密 度(dBm/Hz)	允许最大干 扰功率 (dBm)
48	36000	　191.56	　　-143.56	-159.16	-159.30	-90.19
结合表3-4给出的基站ACLR值，可以计算得到不同频率隔离时所需的距离 隔离度。
表3-12 IMT基站干扰北』
终端确定性分析结果
27
由上表可知，随着频率隔离度的增加共存所需的距离隔离减少。当频率隔离 达到10MHz时，因滤波器特性导致随频率隔离增加所需距离隔离不再减少，达 到最小距离隔离为154.5m。但因北斗卫星导航系统用户终端是可移动的，因此 在此距离隔离下很难实现北斗系统与IMT系统的共存。为此需要增加IMT系统 基站的发射滤波器或北斗终端接收滤波器的带外指标要求，即增加ACIR值。同 时，由于IMT基站天线存在一定高度，因此绝大部分情况下北斗终端与其直线 距离大于基站的天线高度。据此，在表3-13中给出了在保持北斗终端特性不变， 依靠增加IMT基站发射机滤波器带外指标，即增加ACLR情况下，不同频率隔 离下所需的最小距离隔离。当距离隔离小于30m时认为可以共存。
表3-13增加IMT基站ACLR下所需的距离隔离(km)
频率隔离度
(MHz)	ACLR 增 加
5(dB)	　ACLR
增加
10(dB)	ACLR 增加
15(dB)	ACLR 增 加
20(dB)	ACLR 增 加
30(dB)	ACLR 增加 35(dB)
0	　　2.400	1.351	0.76	　　0.428	0.135	　　0.076
1	　　2.134	1.201	0.676	0.38	0.12	　　0.068
2	　　1.926	1.084	0.61	　　0.343	0.108	　　0.061
3	　　1.698	0,956	0.538	　　0.302	0.906	　　0.053
4	1.51	0.85	0.478	　　0.269	0.085	　　0.048
5	　　1.359	0.765	0.43	　　0.242	0.077	　　0.043
6	　　1.215	0.684	0.385	　　0.216	0.068	　　0.039
7	　　1.053	　0.593	0.333	　　0.187	0.059	　　0.033
8	　　0.861	0.484	0.272	　　0.153	0.048	　　0.027
9	　　0.612	0.344	0.194	　　0.109	0,034	　　0.019
10	　　0.087	0.049	0.028	　　0.015	0.005	　　0.003
注：频率隔离度在10MHz以上时，所需隔离距离不再改变
由表3-13知，当ACLR值在标准基础上增加15dB时，北斗导航系统移动 终端可以与IMT系统在同一区域内共存，所需频率隔离为10MHz。当ACLR值 增加35dB时，北斗导航系统移动终端可以与IMT系统在同一区域内共存，所需 频率隔离为8MHz。
同理，结合表3-10给出的IMT终端ACLR值，可以计算得到不同频率隔离 时所需的距离隔离度。
28
表3-14 IMT终端干扰北斗终端确定性分析结果
频率 隔离 度
(MHz)	ACLR
(dB)	IMT终 端的
EIRP
(dBm)	IMT终
端的
天线增 益
(dBi)	北斗用 户终端 天线增 益
(dBi)	北斗用 户终端 接收到 的干扰 值(dBm)	允许最 大干扰 功率
(dBm)	所需路 径损耗
(dB)	所需要的 距离隔离
(km)
0	　24.84	　　24	　　0	　　0	　　24.16	　-90.19	114.35	　　0.277
1	　26.16	　　24	　　0	　　0	　　22.84	　-90.19	113.03	　　0.2379
2	　26.53	　　24	　　0	　　0	　　22.47	　-90.19	112.66	　　0.2279
3	　26.79	　　24	　　0	　　0	　　22.21	　-90.19	112.4	　　0.2211
4	　27.38	　　24	　　0	0	　　21.62	-90.19	111.81	　　0.2065
5	　27.88	　　24	　　0	0	　　21.12	-90.19	111.31	　　0.1949
6	　27.88	　　24	　　0	　　0	　　21.12	-90.19	111.31	　　0.1948
7	　27.88	　　24	　　0	　　0	　　21.12	-90.19	11131	　　0.1947
8	　27.88	　　24	　　0	　　0	　　21.12	-90.19	111.31	　　0.1946
9	　27.88	　　24	　　0	　　0	　　21.12	-90.19	11131	　　0.1945
10	　27.88	　　24	　　0	　　0	　　21.12	-90.19	11L31	　　0.1945
11	　27.88	　　24	　　0	　　0	　　21.12	-90.19	11131	　　0.1944
12	　27.96	　　24	　　0	　　0	　　21.04	-90.19	111.23	　　0.1925
13	　28.50	　　24	　　0	　　0	　　20.50	-90.19	110.69	　　0.1809
14	　29.12	　　24	　　0	　　0	　　19.88	-90.19	110.07	　　0.1683
15	　29.84	　　24	　　0	　　0	　　19.16	-90.19	109.35	　　0.1549
16	　30.70	　　24	　　0	　　0	　　18.30	-90.19	108.49	　　0.1402
17	　31.79	　　24	　　0	　　0	　　17.21	-90.19	107.4	　　0.1236
18	　33.31	　　24	　　0	　　0	　　15.69	-90.19	105.88	　　0.1038
19	　35.67	　　24	　　0	　　0	　　13.33	-9099	103.52	　　0.079
20	　41.22	　　24	　　0	　　0	　　7.78	　-90.19	97.97	　　0.0417
21	　41.74	　　24	　　0	　　0	　　7.26	-90.19	97.45	　　0.0393
22	　42.34	　　24	　　0	　　0	　　6.66	-90.19	　96.85	　　0.0366
23	　43.04	　　24	　　0	　　0	　　5.96	-90.19	96.15	　　0.0338
24	　43.86	　　24	　　0	　　0	　　5.14	　-90.19	95.33	　　0.0307
25	　44.88	　　24	　　0	　　0	　　4.12	-90.19	94.31	　　0.0273
26	　44.88	　　24	　　0	　　0	　　4.12	　-90.19	94.31	　　0.0273
29
由上表可知，随着频率隔离度的增加共存所需的距离隔离减少。当频率隔离 达到25MHz时，因滤波器特性导致随频率隔离增加所需距离隔离不再减少，达 到最小距离隔离27.3m。但因IMT终端及北斗用户终端都是可移动的，因此在 此距离隔离下很难实现北斗终端与IMT终端的共存。为此需要增加IMT系统终 端的发射滤波器或北斗终端接收滤波器的带外指标要求，即增加ACIR值。据此, 在表3-15中给出了在保持北斗终端特性不变，依靠增加IMT终端发射机滤波器 带外指标，即增加ACLR情况下，不同频率隔离下所需的最小距离隔离。
表3-15增加IMT终端ACLR下所需的隔离距离(m)
频率隔离度
(MHz)	　ACLR
增加
5(dB)	ACLR 増加
10(dB)	ACLR 增加
15(dB)	ACLR 增加
20(dB)	ACLR 增加
25(dB)	　　ACLR
增加
30(dB)
0	　155.81	　87.62	　49.28	　　27.71	　　15.58	　　8.76
1	　133.79	　75.24	　42.31	　　23.79	　　13.38	　　7.52
2	　128.16	　72.07	40.53	　　22.79	　　12.82	　　7.21
3	　124.33	69.92	39.32	　　22.11	12.43	　　6.99
4	　116.12	　65.30	36.72	　　20.65	　　11.61	　　6.53
5	　109.58	　61.63	34.66	　　19.49	10.96	　　6.16
6	　109.54	　61.60	34.64	　　19.48	10.96	　　6.16
7	　109.50	　61.58	34.63	　　19.47	10.95	　　6.16
8	　109.45	　61.55	34.61	　　19.47	10.95	　　6.16
9	　109.41	　61.53	34.60	　　19.46	10.94	　　6.15
10	　109.37	　61.50	34.59	　　19.45	10.94	　　6.15
11	　109.32	　61.48	34.57	　　19.44	10.93	　　6.15
12	　108.28	　60.89	34.24	　　19.26	10.83	　　6.09
13	　101.71	　57.20	32.17	　　18.09	10.17	　　5.72
14	　94.67	　53.24	29.94	　　16.84	9.47	　　5.32
15	　87.10	　48.98	27.55	　　15.49	8.71	　　4.90
16	　78.86	　44.35	24.94	　　14.02	7.89	　　4.44
17	　69.53	　39.10	21.99	　　12.37	6.95	　　3.91
18	　58.35	　32.81	18.45	　　10.38	5.84	　　3.28
19	　44.45	　25.00	14.06	　　7.90	　　4.45	　　2.50
20	　23.45	　13.19	7.42	　　4.17	　　2.35	　　1.32
21	　22.08	　12.42	6.98	　　3.93	　　2.21	　　1.24
22	　20.60	　11.58	6.51	　　3.66	　　2.06	　　1.16
23	　19.00	　10.68	6.01	　　3.38	　　1.90	　　1.07
24	　17.28	　9.72	5.46	　　3.07	　　1.73	　　0.97
25	　15.36	8.64	4.86	　　2.73	　　1.54	　　0.86
26	　15.36	　8.64	4.86	　　2.73	　　1.54	　　0.86
30
若假定当北斗终端与IMT终端距离隔离小于3m时可以接受。则由表3-15 知，当IMT终端ACLR值在标准基础上增加20dB时，北斗导航系统移动终端 可以与IMT终端在同一区域内共存，所需频率隔离为25MHz。当ACLR值增加 25dB时，北斗导航系统移动终端可以与IMT终端在同一区域内共存，所需频率 隔离为20MHz。当ACLR值增加30dB时，北斗导航系统移动终端可以与IMT 终端在同一区域内共存，所需频率隔离为19MHz。
