3.3.3未知聚合等级的1CCE解码仿真
本节仿真中解PDCCH的流程是对从CCE起始位置开始的1、2、4、8个CCE 分别用6种DCI长度解码，选择其中具有最大累积度量优势的CCE聚合和DCI长度。与3.2.2小节中的算法相比，只是将1CCE作为一种可能的聚合等级，具 体的基于累积度量优势的解码算法并没有改动。基于3.3.2小节的仿真结果，本 小节仿真的SNR范围从6dB开始。
为了验证在多种DCI长度及聚合等级的组合下1CCE PDCCH的解码性能， 设计了表3-7中的测试caseo
Case 编号	解码CCE 数目	(实际CCE数， 实际DCI比特数)	盲解码比特数
Case14.1	(8,4,2,1)	(1,31)(1,31)(2,31)(4,42)	全部解码可能
(13,31,33,42,51,54)
Case14.2		(1,31)(1,13)(2,31)(4,42)
Case14.3		(1,31)(1,13)(1,31)(1,13)(4,42)
Case14.4		(1,31)(1,31)(1,13)(1,13)(4,42)
Case14.5		(1,31)(1,13)(2,31)(2,13)(2,42)
Case14.6		(1,31)(1,13)(2,54)(2,13)(2,42)
Case14.7		(1,13)(2,42)(1,13)(1,31)(2,13)
表3-7 case 14参数表 仿真结果如表3-8所示。
Casel4.1	SNR(dB)	6	7	8	9	10	11	12	13
聚合等级判断错误率(%)	1.7	1.4	0.5	0.1	0.1	0	0	0.2
总错误率(％)	29.4	16.6	7.4	3.5	1.8	0.9	0.5	1.1
Casel4.2	SNR(dB)	6	7	8	9	10	11	12	13
聚合等级判断错误率(%)	1	0.2	0.8	0.3	0.1	0	0	0
总错误率(％)	29.6	16.5	7.8	4.4	1.6	1.6	0.8	0.7
Casel4.3	SNR(dB)	6	7	8	9	10	11	12	13
聚合等级判断错误率(%)	1.9	0.7	0.4	0.2	0.5	0	0.1	0
总错误率(％)	31.6	15.5	7.2	3.9	2.8	1.1	0.8	0.5
Casel4.4	SNR(dB)	6	7	8	9	10	11	12	13
聚合等级判断错误率(%)	1.3	0.2	0.7	0.1	0	0	0	0.1
总错误率(％)	29.9	16.2	8.1	4.9	1.6	1.2	0.4	0.5
Casel4.5	SNR(dB)	6	7	8	9	10	11	12	13
聚合等级判断错误率(%)	0.2	0.4	0.5	0	0.1	0	0	0.1
总错误率(％)	27.2	14.7	7.2	3.3	2.6	1.1	0.5	0.3
Case 14.6	SNR(dB)	6	7	8	9	10	11	12	13
聚合等级判断错误率(%)	1.3	0.2	0.3	0.1	0	0	0	0
总错误率(％)	29.9	16.0	7.2	2.9	1.6	1.8	0.3	0.7
Casel4.7	SNR(dB)	6	7	8	9	10	11	12	13
聚合等级判断错误率(%)	0.6	0.3	0.3	0.1	0	0	0.1	0
总错误率(％)	29.8	14.9	8.3	3.3	2.1	1.1	0.6	0.9
表3-8 case 14仿真结果
从本节的仿真结果可以看出，在目标format是31bits的情况下,SNR在lldB 及以上时，1CCE聚合等级的PDCCH解码总错误率在维持在1%左右。值得注 意的一点是，在7dB及以上，聚合等级判断错误率维持在1%左右，只是在判断 1CCE中的DCI长度时错误率较高。可以考虑在7dB及以上将1CCE解码加进来, 根据在最近一段时间内解到的format 0 PDCCH存储一个常调度的RNTI列表， 当SNR在7?lldB之间，若CCE数目判断出为1个CCE,则以1CCE中31bit 解出的RNTI是否在这个常调度列表里来决定解码结果是否有效，这样可以减少 常调度用户一一通常也是对D2D影响较大的用户一一上行调度信息的漏检率。 当SNR在lldB及以上，就可以完全信任1CCE解码的结果了，不需要再比对常 调度的RNTL
